i have the same issue with my 2014   grand cherokee overland. i'd like to see cecily strong in the #ghostbusters #ghostbustersreboot as well. she is hilarious! absolutely the worst new years eve show ever #nbcnye visit tegrazone to learn about #gameofthrones &amp; enter to win a replica sword of jon snow! #tzdiscovery rt to #voicesavedanica rt to #voicesaveryan rt to #voicesaveryan rt get ready guys! 1 hour until the new #restaurantimpossible on help me spread the word with some rts. thanks! not seeing the app in the ios app store. rt #voicesave kat please :) rt i think you mean #nicesave bryz rt #voicesave kat rt #voicesave kat we got this!! rt #voicesave kat text faster!:) rt #voicesave kat and twitter tell me if she's saved #watchinghockey rt keep it up!!! #voicesave kristen #voicesave christina #voicesave kat rt #voicesave kat love her rt #voicesave kat!!!!!!! retweets count! rt happen to be watching the voice because eleanor turned the tv on by playing with the remote. might as well #voicesave kat rt go! #voicesave kat #voicesave kat #voicesave kat #voicesave kat #voicesave kat #voicesave kat 💔 rt #voicesave kat rt #voicesave kat rt #voicesave kat #voicesave kat #voicesave kat #voicesave kat #voicesave kat #voicesave kat #voicesave kat #voicesave kat #voic… rt #voicesave kat #voicesave kat #voicesave kat #voicesave kat 
